0.0;0.0
-2.914208;-1.94894
-4.45842;-2.883739
-6.705911;-4.22863
-8.697071;-5.525558
-10.921242;-7.066278
-13.195675;-8.758256
-15.952371;-10.913868
-18.672747;-13.148839
-21.417316;-15.562406
-24.537104;-18.789282
-27.551479;-22.363302
-30.427294;-26.179316
-33.110241;-29.631374
-35.926327;-34.08252
-38.458931;-38.661022
-40.688736;-43.468891
-42.628693;-48.195881
-43.890892;-53.222492
-44.699768;-58.001724
-44.979912;-62.794647
-44.264023;-67.714546
-43.341209;-72.169815
-42.09586;-75.890343
-41.3176;-79.59359
-39.180908;-81.742279
-37.977135;-84.303772
-36.716324;-86.013634
-35.792015;-87.752609
-34.922226;-89.363091
-33.489243;-92.136795
-32.942909;-94.12915
-32.486691;-96.207115
-32.588112;-97.810036